-1	-2.15886	0.09586	-2.39704	0.15034	-3.10469	0.29639
-0.98	-2.2054	0.09575	-2.46306	0.15205	-3.16603	0.29078
-0.96	-2.25696	0.0953	-2.53172	0.15347	-3.23151	0.28452
-0.94	-2.30728	0.0961	-2.60115	0.15473	-3.30302	0.28529
-0.92	-2.35906	0.09699	-2.67163	0.15596	-3.37471	0.28725
-0.9	-2.40992	0.0974	-2.74331	0.1571	-3.44821	0.28799
-0.88	-2.4623	0.09786	-2.81587	0.15837	-3.52066	0.28889
-0.86	-2.51403	0.0987	-2.88872	0.15936	-3.5946	0.2899
-0.84	-2.56472	0.09883	-2.96182	0.15956	-3.67151	0.29319
-0.82	-2.61537	0.10105	-3.03674	0.16015	-3.75003	0.29836
-0.8	-2.66646	0.10235	-3.11169	0.16065	-3.8262	0.29864
-0.78	-2.71743	0.10349	-3.18879	0.16116	-3.90389	0.30012
-0.76	-2.76515	0.10567	-3.26609	0.16168	-3.9835	0.30077
-0.74	-2.81633	0.10737	-3.34468	0.16195	-4.0631	0.30231
-0.72	-2.86638	0.10865	-3.42328	0.16228	-4.14341	0.30366
-0.7	-2.91531	0.11129	-3.50523	0.1655	-4.22514	0.30421
-0.68	-2.96549	0.11389	-3.58494	0.16653	-4.30722	0.30642
-0.66	-3.01546	0.11619	-3.66224	0.16402	-4.39005	0.30622
-0.64	-3.06553	0.11859	-3.74409	0.1651	-4.47438	0.30672
-0.62	-3.11421	0.12096	-3.82685	0.166	-4.56119	0.30754
-0.6	-3.1634	0.12366	-3.90714	0.1672	-4.64556	0.30883
-0.58	-3.20987	0.12639	-3.99115	0.16869	-4.73234	0.30866
-0.56	-3.25828	0.12885	-4.07479	0.17037	-4.82129	0.31012
-0.54	-3.30266	0.13088	-4.16182	0.17212	-4.91116	0.30988
-0.52	-3.35114	0.13395	-4.25445	0.17836	-5.00544	0.31119
-0.5	-3.39756	0.13623	-4.33064	0.17517	-5.09966	0.31168
-0.48	-3.44396	0.13806	-4.41196	0.17473	-5.19575	0.31121
-0.46	-3.48938	0.14043	-4.49576	0.17794	-5.29205	0.31324
-0.44	-3.53309	0.14362	-4.58126	0.18238	-5.39136	0.31345
-0.42	-3.57726	0.14552	-4.65345	0.18024	-5.49352	0.31243
-0.4	-3.62257	0.14719	-4.74092	0.18621	-5.59442	0.3147
-0.38	-3.6652	0.14931	-4.82193	0.19415	-5.69912	0.31648
-0.36	-3.71368	0.15392	-4.90636	0.19522	-5.80585	0.31916
-0.34	-3.75661	0.15207	-4.97818	0.19659	-5.91356	0.32178
-0.32	-3.80333	0.15863	-5.05036	0.20101	-6.02403	0.32498
-0.3	-3.84896	0.16156	-5.1257	0.20624	-6.13913	0.33394
-0.28	-3.89412	0.16088	-5.20255	0.21305	-6.25756	0.34159
-0.26	-3.93866	0.16029	-5.27767	0.21923	-6.38875	0.37808
-0.24	-3.99115	0.16288	-5.35106	0.22571	-6.53263	0.4377
-0.22	-4.0434	0.16908	-5.42865	0.23814	-6.64766	0.43131
-0.2	-4.09554	0.16428	-5.50643	0.24403	-6.76486	0.42845
-0.18	-4.15795	0.17048	-5.58892	0.25753	-6.85706	0.39266
-0.16	-4.223	0.17128	-5.67085	0.26795	-6.99008	0.42138
-0.14	-4.3022	0.17834	-5.76272	0.28294	-7.08476	0.40211
-0.12	-4.39186	0.18692	-5.86553	0.3094	-7.19852	0.454
-0.1	-4.50804	0.21284	-5.97949	0.32769	-7.26233	0.41348
-0.08	-4.66556	0.25508	-6.11781	0.35877	-7.31755	0.36877
-0.06	-4.78693	0.22914	-6.23725	0.33898	-7.38327	0.36525
-0.04	-4.95752	0.21766	-6.39984	0.32907	-7.51365	0.43709
-0.02	-5.1615	0.19938	-6.62011	0.30203	-7.67723	0.50022
0	-5.48173	0.26101	-6.8822	0.25774	-7.77804	0.54104
0	-5.65778	0.34961	-7.0628	0.30411	-8.016	0.61175
0.02	-4.91284	0.17346	-6.32432	0.21515	-7.43908	0.41135
0.04	-4.65465	0.1625	-6.08577	0.23596	-7.25687	0.38702
0.06	-4.49504	0.16325	-5.92718	0.24216	-7.13437	0.37207
0.08	-4.37306	0.16962	-5.8069	0.24839	-7.04485	0.36802
0.1	-4.2728	0.17186	-5.7157	0.25231	-6.96578	0.36595
0.12	-4.18758	0.17835	-5.62602	0.25288	-6.89845	0.36623
0.14	-4.11708	0.17882	-5.55322	0.25748	-6.83794	0.36622
0.16	-4.0534	0.1759	-5.48353	0.25966	-6.78498	0.3643
0.18	-3.9918	0.17716	-5.42375	0.26921	-6.72558	0.36182
0.2	-3.93701	0.17882	-5.35949	0.26255	-6.67292	0.36222
0.22	-3.88718	0.17725	-5.30248	0.26193	-6.62471	0.36433
0.24	-3.83537	0.17905	-5.25124	0.26222	-6.56966	0.36455
0.26	-3.78971	0.17994	-5.20492	0.25078	-6.52209	0.36384
0.28	-3.74482	0.1789	-5.15503	0.25044	-6.47138	0.36276
0.3	-3.70183	0.18043	-5.11203	0.24404	-6.42363	0.36068
0.32	-3.6598	0.17549	-5.06736	0.24289	-6.37653	0.36211
0.34	-3.61825	0.17448	-5.01929	0.24367	-6.32949	0.35718
0.36	-3.57871	0.1734	-4.97523	0.24186	-6.28002	0.35635
0.38	-3.53974	0.17307	-4.92767	0.24018	-6.23087	0.35521
0.4	-3.50298	0.17146	-4.88582	0.243	-6.18115	0.35376
0.42	-3.46335	0.17061	-4.83859	0.2386	-6.13334	0.35248
0.44	-3.42358	0.17068	-4.79937	0.23509	-6.0856	0.35215
0.46	-3.38559	0.17059	-4.75809	0.23535	-6.03916	0.35093
0.48	-3.34889	0.16999	-4.71168	0.23313	-5.99011	0.35054
0.5	-3.31147	0.16947	-4.66817	0.23149	-5.94103	0.34906
0.52	-3.2711	0.16789	-4.62329	0.23074	-5.89054	0.34715
0.54	-3.23216	0.16798	-4.58078	0.2286	-5.84351	0.34576
0.56	-3.19225	0.16799	-4.53741	0.22814	-5.79984	0.33793
0.58	-3.15636	0.16333	-4.49446	0.22523	-5.75145	0.33498
0.6	-3.11734	0.16281	-4.45453	0.22376	-5.70583	0.33274
0.62	-3.07596	0.16219	-4.40963	0.22171	-5.655	0.33162
0.64	-3.03456	0.16116	-4.36623	0.22075	-5.60493	0.33448
0.66	-2.99454	0.16068	-4.32332	0.21996	-5.55722	0.33081
0.68	-2.95442	0.16017	-4.27722	0.21749	-5.50872	0.3284
0.7	-2.9111	0.15716	-4.23487	0.21505	-5.45786	0.32751
0.72	-2.86792	0.15694	-4.19231	0.21444	-5.4089	0.32725
0.74	-2.82207	0.15598	-4.14721	0.21257	-5.36007	0.32735
0.76	-2.7745	0.15548	-4.10336	0.21044	-5.31183	0.32547
0.78	-2.72792	0.15591	-4.05855	0.21005	-5.26217	0.32598
0.8	-2.67738	0.15502	-4.01652	0.20807	-5.21137	0.32522
0.82	-2.62793	0.1534	-3.96944	0.20658	-5.15994	0.32701
0.84	-2.57959	0.15151	-3.92521	0.20599	-5.10598	0.32855
0.86	-2.52694	0.15104	-3.87725	0.20503	-5.0569	0.32844
0.88	-2.46806	0.15444	-3.83129	0.20421	-5.00217	0.32895
0.9	-2.40673	0.15799	-3.77959	0.20168	-4.94892	0.33071
0.92	-2.34377	0.15931	-3.72791	0.20152	-4.89497	0.33302
0.94	-2.27782	0.15813	-3.67002	0.20716	-4.84693	0.33082
0.96	-2.20826	0.15985	-3.62094	0.20398	-4.78972	0.33291
0.98	-2.1412	0.15982	-3.56827	0.204	-4.73297	0.335
1	-2.06119	0.16482	-3.51387	0.20355	-4.67422	0.33877
0.98	-2.12253	0.1629	-3.56865	0.20278	-4.7215	0.32987
0.96	-2.18096	0.16074	-3.62543	0.20276	-4.77583	0.32725
0.94	-2.24463	0.1583	-3.67908	0.20276	-4.83094	0.32882
0.92	-2.30359	0.15691	-3.73687	0.2015	-4.8936	0.32409
0.9	-2.36755	0.15568	-3.79128	0.2016	-4.95117	0.3232
0.88	-2.42831	0.15428	-3.84675	0.20199	-5.01117	0.32055
0.86	-2.48817	0.15223	-3.90353	0.20205	-5.06585	0.32121
0.84	-2.54383	0.14952	-3.95537	0.20429	-5.12342	0.31955
0.82	-2.60014	0.1489	-4.00477	0.20478	-5.17904	0.31917
0.8	-2.65082	0.14908	-4.05312	0.20545	-5.23395	0.32016
0.78	-2.70472	0.14689	-4.10247	0.20705	-5.29133	0.31957
0.76	-2.7566	0.14625	-4.15048	0.20839	-5.35034	0.31568
0.74	-2.80586	0.14653	-4.19775	0.20972	-5.40554	0.31649
0.72	-2.85463	0.1467	-4.24301	0.21266	-5.45716	0.31886
0.7	-2.90158	0.14618	-4.29105	0.21181	-5.50971	0.31927
0.68	-2.94691	0.14601	-4.33963	0.21376	-5.56397	0.32053
0.66	-2.99317	0.14601	-4.38277	0.21491	-5.61791	0.32151
0.64	-3.03744	0.14662	-4.42886	0.21619	-5.67074	0.32509
0.62	-3.08007	0.14572	-4.47657	0.21761	-5.72488	0.32722
0.6	-3.12245	0.14683	-4.51946	0.21957	-5.77811	0.33011
0.58	-3.16426	0.14864	-4.56259	0.22099	-5.83218	0.33197
0.56	-3.20492	0.14807	-4.60846	0.22553	-5.88529	0.33482
0.54	-3.24537	0.14814	-4.65001	0.22419	-5.94047	0.33668
0.52	-3.28714	0.14865	-4.69641	0.22621	-5.99482	0.34005
0.5	-3.32995	0.14886	-4.7425	0.22772	-6.04807	0.34316
0.48	-3.37076	0.14918	-4.78413	0.22944	-6.10181	0.34644
0.46	-3.41069	0.15002	-4.82746	0.23197	-6.15682	0.35065
0.44	-3.45043	0.15118	-4.87185	0.23664	-6.21116	0.35443
0.42	-3.49157	0.15161	-4.91628	0.23642	-6.26672	0.3581
0.4	-3.53503	0.15159	-4.95972	0.23831	-6.32231	0.36195
0.38	-3.57665	0.15279	-5.00728	0.24422	-6.37731	0.36601
0.36	-3.62016	0.15234	-5.05359	0.2415	-6.43782	0.37333
0.34	-3.6635	0.15302	-5.10157	0.24457	-6.49541	0.37754
0.32	-3.70934	0.15434	-5.14812	0.24587	-6.55674	0.38529
0.3	-3.75551	0.15416	-5.19765	0.24928	-6.61592	0.39007
0.28	-3.80382	0.15512	-5.24459	0.25035	-6.68267	0.3979
0.26	-3.85457	0.15605	-5.30428	0.26058	-6.75197	0.41
0.24	-3.90433	0.15637	-5.34916	0.26029	-6.8246	0.42624
0.22	-3.96006	0.15565	-5.41441	0.27316	-6.90302	0.44015
0.2	-4.01431	0.1568	-5.47067	0.27395	-6.9838	0.45701
0.18	-4.07568	0.15638	-5.52841	0.26632	-7.07845	0.48597
0.16	-4.14052	0.15825	-5.59096	0.26466	-7.17937	0.51076
0.14	-4.21475	0.16087	-5.66123	0.26377	-7.29205	0.54455
0.12	-4.29454	0.16156	-5.74183	0.26681	-7.37779	0.53909
0.1	-4.39308	0.16675	-5.84177	0.28401	-7.46431	0.53961
0.08	-4.50529	0.17117	-5.94954	0.28973	-7.5419	0.52504
0.06	-4.65832	0.19832	-6.06106	0.28728	-7.59505	0.50648
0.04	-4.84557	0.20727	-6.23389	0.2981	-7.68893	0.50391
0.02	-5.11089	0.22474	-6.46181	0.30406	-7.76517	0.48095
0	-5.57421	0.23429	-6.91886	0.28719	-7.86457	0.45168
-0.02	-5.18572	0.15232	-6.73601	0.22667	-7.77324	0.37809
-0.04	-4.83718	0.14676	-6.36153	0.24795	-7.52382	0.32535
-0.06	-4.65475	0.14311	-6.20536	0.27481	-7.38361	0.32497
-0.08	-4.53186	0.14628	-6.06043	0.25488	-7.2802	0.3187
-0.1	-4.43364	0.15292	-5.95721	0.25754	-7.19853	0.32628
-0.12	-4.34752	0.15299	-5.87483	0.26593	-7.12202	0.33226
-0.14	-4.27086	0.1527	-5.78556	0.24667	-7.04262	0.33264
-0.16	-4.21217	0.15494	-5.71462	0.23636	-6.96033	0.32474
-0.18	-4.16206	0.16172	-5.63535	0.23299	-6.87776	0.30415
-0.2	-4.10665	0.16093	-5.57971	0.22875	-6.79629	0.2931
-0.22	-4.05218	0.15807	-5.51101	0.22315	-6.71301	0.28739
-0.24	-4.00586	0.15845	-5.44902	0.21704	-6.6234	0.27492
-0.26	-3.9612	0.15975	-5.38332	0.21651	-6.53795	0.26668
-0.28	-3.91617	0.159	-5.32966	0.20767	-6.44564	0.26059
-0.3	-3.87694	0.16036	-5.25586	0.20106	-6.35394	0.25575
-0.32	-3.83722	0.1616	-5.19713	0.19904	-6.25803	0.25075
-0.34	-3.80104	0.16609	-5.12677	0.19065	-6.15986	0.24775
-0.36	-3.76453	0.16702	-5.0613	0.18811	-6.05908	0.24482
-0.38	-3.72238	0.16656	-4.99698	0.18166	-5.95742	0.24323
-0.4	-3.67502	0.16021	-4.92638	0.1862	-5.85462	0.24212
-0.42	-3.63338	0.16026	-4.8511	0.16851	-5.75204	0.24247
-0.44	-3.58478	0.15006	-4.79138	0.1712	-5.65031	0.24397
-0.46	-3.53992	0.14762	-4.70572	0.16348	-5.54955	0.24802
-0.48	-3.4952	0.14602	-4.62263	0.15862	-5.44212	0.24697
-0.5	-3.45241	0.14366	-4.57448	0.17607	-5.3426	0.24871
-0.52	-3.40703	0.14191	-4.46975	0.16765	-5.25198	0.24804
-0.54	-3.36089	0.1387	-4.37981	0.16601	-5.15429	0.25138
-0.56	-3.31264	0.13589	-4.2901	0.17051	-5.06267	0.24667
-0.58	-3.2663	0.13321	-4.18532	0.15785	-4.96144	0.2567
-0.6	-3.2229	0.13356	-4.08155	0.15079	-4.85807	0.26042
-0.62	-3.17202	0.12844	-3.98678	0.14956	-4.74823	0.25826
-0.64	-3.12597	0.12758	-3.89834	0.15701	-4.65433	0.26553
-0.66	-3.07357	0.12249	-3.80427	0.15396	-4.57165	0.27153
-0.68	-3.02182	0.12187	-3.7112	0.15058	-4.46681	0.26905
-0.7	-2.96806	0.1178	-3.61884	0.15103	-4.37022	0.27071
-0.72	-2.91627	0.11701	-3.53381	0.15739	-4.28176	0.27846
-0.74	-2.8616	0.11248	-3.44116	0.15099	-4.18314	0.27513
-0.76	-2.80747	0.10935	-3.35062	0.14962	-4.09944	0.28358
-0.78	-2.75752	0.10879	-3.26314	0.14881	-4.00265	0.28364
-0.8	-2.7079	0.10818	-3.17711	0.1473	-3.90638	0.2851
-0.82	-2.65777	0.10833	-3.09043	0.14686	-3.81738	0.29048
-0.84	-2.59911	0.10478	-3.00573	0.14662	-3.73256	0.2928
-0.86	-2.54617	0.10251	-2.92447	0.14743	-3.64112	0.2872
-0.88	-2.49662	0.10818	-2.84327	0.14755	-3.56073	0.29295
-0.9	-2.44014	0.10342	-2.76865	0.14982	-3.47781	0.2879
-0.92	-2.37646	0.09771	-2.68912	0.14759	-3.40531	0.29646
-0.94	-2.32209	0.09885	-2.61346	0.14743	-3.33553	0.30368
-0.96	-2.26916	0.09949	-2.53936	0.148	-3.25417	0.29634
-0.98	-2.21568	0.09851	-2.46779	0.15026	-3.18046	0.30196
						
